# Atmospheric Model 5403202107
# Col. #1          #2           #3            #4
# Alt [km]    rho [g/cm^3] thick [g/cm^2]    n-1
0.00000E+00 1.24317E-03 1.05315E+03 3.00000E-03
1.00000E+00 1.11713E-03 9.35252E+02 3.00000E-03
2.00000E+00 1.00389E-03 8.29301E+02 3.00000E-03
3.00000E+00 9.02146E-04 7.34090E+02 3.00000E-03
4.00000E+00 8.10768E-04 6.48534E+02 3.00000E-03
5.00000E+00 7.29666E-04 5.71584E+02 3.00000E-03
6.00000E+00 6.56693E-04 5.02330E+02 3.00000E-03
7.00000E+00 5.91032E-04 4.40001E+02 3.00000E-03
8.00000E+00 5.31949E-04 3.83904E+02 3.00000E-03
9.00000E+00 4.78745E-04 3.33415E+02 3.00000E-03
1.00000E+01 4.19590E-04 2.88375E+02 3.00000E-03
1.10000E+01 3.62636E-04 2.49333E+02 3.00000E-03
1.20000E+01 3.13420E-04 2.15590E+02 3.00000E-03
1.30000E+01 2.70888E-04 1.86426E+02 3.00000E-03
1.40000E+01 2.34133E-04 1.61220E+02 3.00000E-03
1.50000E+01 2.02370E-04 1.39433E+02 3.00000E-03
1.60000E+01 1.74919E-04 1.20602E+02 3.00000E-03
1.70000E+01 1.51194E-04 1.04325E+02 3.00000E-03
1.80000E+01 1.30691E-04 9.02561E+01 3.00000E-03
1.90000E+01 1.12970E-04 7.80946E+01 3.00000E-03
2.00000E+01 9.76535E-05 6.75821E+01 3.00000E-03
2.10000E+01 8.44156E-05 5.84947E+01 3.00000E-03
2.20000E+01 7.29737E-05 5.06391E+01 3.00000E-03
2.30000E+01 6.30840E-05 4.38483E+01 3.00000E-03
2.40000E+01 5.45356E-05 3.79777E+01 3.00000E-03
2.50000E+01 4.71466E-05 3.29025E+01 3.00000E-03
2.75000E+01 3.28613E-05 2.30170E+01 3.00000E-03
3.00000E+01 2.29958E-05 1.61081E+01 3.00000E-03
3.25000E+01 1.60924E-05 1.12733E+01 3.00000E-03
3.50000E+01 1.12617E-05 7.88985E+00 3.00000E-03
3.75000E+01 7.88130E-06 5.52206E+00 3.00000E-03
4.00000E+01 5.51569E-06 3.86499E+00 3.00000E-03
4.25000E+01 3.86022E-06 2.70528E+00 3.00000E-03
4.50000E+01 2.70168E-06 1.89364E+00 3.00000E-03
4.75000E+01 1.89088E-06 1.32559E+00 3.00000E-03
5.00000E+01 1.32344E-06 9.28005E-01 3.00000E-03
5.50000E+01 6.48358E-07 4.54961E-01 3.00000E-03
6.00000E+01 3.17659E-07 2.23207E-01 3.00000E-03
6.50000E+01 1.55648E-07 1.09657E-01 3.00000E-03
7.00000E+01 7.62716E-08 5.40165E-02 3.00000E-03
7.50000E+01 3.73782E-08 2.67504E-02 3.00000E-03
8.00000E+01 1.83193E-08 1.33877E-02 3.00000E-03
8.50000E+01 8.97911E-09 6.83834E-03 3.00000E-03
9.00000E+01 4.40142E-09 3.62808E-03 3.00000E-03
9.50000E+01 2.15768E-09 2.05440E-03 3.00000E-03
1.00000E+02 1.00000E-09 1.28292E-03 3.00000E-03
1.05000E+02 9.52381E-10 7.82920E-04 3.00000E-03
1.10000E+02 9.09091E-10 2.82920E-04 3.00000E-03
1.15000E+02 8.69565E-10 1.00000E-05 3.00000E-03
1.20000E+02 8.33333E-10 0.00000E+00 3.00000E-03
