# Atmospheric Model 50012106
# Col. #1          #2           #3            #4
# Alt [km]    rho [g/cm^3] thick [g/cm^2]    n-1
0.00000E+00 1.15458E-03 1.05603E+03 3.00000E-03
1.00000E+00 1.05170E-03 9.45794E+02 3.00000E-03
2.00000E+00 9.58007E-04 8.45381E+02 3.00000E-03
3.00000E+00 8.72667E-04 7.53914E+02 3.00000E-03
4.00000E+00 7.92867E-04 6.70616E+02 3.00000E-03
5.00000E+00 7.13371E-04 5.95374E+02 3.00000E-03
6.00000E+00 6.41845E-04 5.27677E+02 3.00000E-03
7.00000E+00 5.77492E-04 4.66766E+02 3.00000E-03
8.00000E+00 5.19592E-04 4.11963E+02 3.00000E-03
9.00000E+00 4.67497E-04 3.62655E+02 3.00000E-03
1.00000E+01 4.18076E-04 3.18322E+02 3.00000E-03
1.10000E+01 3.67235E-04 2.79112E+02 3.00000E-03
1.20000E+01 3.22577E-04 2.44669E+02 3.00000E-03
1.30000E+01 2.83350E-04 2.14415E+02 3.00000E-03
1.40000E+01 2.48893E-04 1.87841E+02 3.00000E-03
1.50000E+01 2.18627E-04 1.64497E+02 3.00000E-03
1.60000E+01 1.92041E-04 1.43993E+02 3.00000E-03
1.70000E+01 1.68688E-04 1.25981E+02 3.00000E-03
1.80000E+01 1.48176E-04 1.10160E+02 3.00000E-03
1.90000E+01 1.30157E-04 9.62631E+01 3.00000E-03
2.00000E+01 1.14330E-04 8.40558E+01 3.00000E-03
2.10000E+01 1.00428E-04 7.33330E+01 3.00000E-03
2.20000E+01 8.82160E-05 6.39140E+01 3.00000E-03
2.30000E+01 7.74891E-05 5.56403E+01 3.00000E-03
2.40000E+01 6.80667E-05 4.83727E+01 3.00000E-03
2.50000E+01 5.97901E-05 4.19888E+01 3.00000E-03
2.75000E+01 4.26591E-05 2.92467E+01 3.00000E-03
3.00000E+01 2.96171E-05 2.03111E+01 3.00000E-03
3.25000E+01 2.05645E-05 1.41071E+01 3.00000E-03
3.50000E+01 1.42804E-05 9.79921E+00 3.00000E-03
3.75000E+01 9.91763E-06 6.80755E+00 3.00000E-03
4.00000E+01 6.88844E-06 4.72975E+00 3.00000E-03
4.25000E+01 4.78496E-06 3.28652E+00 3.00000E-03
4.50000E+01 3.32415E-06 2.28395E+00 3.00000E-03
4.75000E+01 2.30955E-06 1.58743E+00 3.00000E-03
5.00000E+01 1.60478E-06 1.10348E+00 3.00000E-03
5.50000E+01 7.75046E-07 5.33480E-01 3.00000E-03
6.00000E+01 3.74463E-07 2.58147E-01 3.00000E-03
6.50000E+01 1.80992E-07 1.25097E-01 3.00000E-03
7.00000E+01 8.75136E-08 6.07787E-02 3.00000E-03
7.50000E+01 4.23307E-08 2.96740E-02 3.00000E-03
8.00000E+01 2.04831E-08 1.46261E-02 3.00000E-03
8.50000E+01 9.91502E-09 7.34350E-03 3.00000E-03
9.00000E+01 4.80117E-09 3.81774E-03 3.00000E-03
9.50000E+01 2.32569E-09 2.11019E-03 3.00000E-03
1.00000E+02 1.00000E-09 1.28292E-03 3.00000E-03
1.05000E+02 9.52381E-10 7.82920E-04 3.00000E-03
1.10000E+02 9.09091E-10 2.82920E-04 3.00000E-03
1.15000E+02 8.69565E-10 1.00000E-05 3.00000E-03
1.20000E+02 8.33333E-10 0.00000E+00 3.00000E-03
