# Atmospheric Model 57032102
# Col. #1          #2           #3            #4
# Alt [km]    rho [g/cm^3] thick [g/cm^2]    n-1
0.00000E+00 1.16328E-03 1.05788E+03 3.00000E-03
1.00000E+00 1.05824E-03 9.46885E+02 3.00000E-03
2.00000E+00 9.62694E-04 8.45914E+02 3.00000E-03
3.00000E+00 8.75783E-04 7.54058E+02 3.00000E-03
4.00000E+00 7.94413E-04 6.70522E+02 3.00000E-03
5.00000E+00 7.13714E-04 5.95188E+02 3.00000E-03
6.00000E+00 6.41214E-04 5.27506E+02 3.00000E-03
7.00000E+00 5.76078E-04 4.66700E+02 3.00000E-03
8.00000E+00 5.17561E-04 4.12070E+02 3.00000E-03
9.00000E+00 4.64987E-04 3.62990E+02 3.00000E-03
1.00000E+01 4.15410E-04 3.18927E+02 3.00000E-03
1.10000E+01 3.65441E-04 2.79937E+02 3.00000E-03
1.20000E+01 3.21482E-04 2.45638E+02 3.00000E-03
1.30000E+01 2.82812E-04 2.15465E+02 3.00000E-03
1.40000E+01 2.48793E-04 1.88921E+02 3.00000E-03
1.50000E+01 2.18867E-04 1.65570E+02 3.00000E-03
1.60000E+01 1.92540E-04 1.45028E+02 3.00000E-03
1.70000E+01 1.69380E-04 1.26956E+02 3.00000E-03
1.80000E+01 1.49006E-04 1.11059E+02 3.00000E-03
1.90000E+01 1.31083E-04 9.70734E+01 3.00000E-03
2.00000E+01 1.15316E-04 8.47704E+01 3.00000E-03
2.10000E+01 1.01445E-04 7.39471E+01 3.00000E-03
2.20000E+01 8.92427E-05 6.44258E+01 3.00000E-03
2.30000E+01 7.85083E-05 5.60497E+01 3.00000E-03
2.40000E+01 6.90651E-05 4.86811E+01 3.00000E-03
2.50000E+01 6.07578E-05 4.21988E+01 3.00000E-03
2.75000E+01 4.31741E-05 2.92554E+01 3.00000E-03
3.00000E+01 2.98447E-05 2.02305E+01 3.00000E-03
3.25000E+01 2.06332E-05 1.39915E+01 3.00000E-03
3.50000E+01 1.42667E-05 9.67787E+00 3.00000E-03
3.75000E+01 9.86587E-06 6.69507E+00 3.00000E-03
4.00000E+01 6.82344E-06 4.63225E+00 3.00000E-03
4.25000E+01 4.71984E-06 3.20547E+00 3.00000E-03
4.50000E+01 3.26518E-06 2.21849E+00 3.00000E-03
4.75000E+01 2.25914E-06 1.53566E+00 3.00000E-03
5.00000E+01 1.56327E-06 1.06319E+00 3.00000E-03
5.50000E+01 7.48831E-07 5.09947E-01 3.00000E-03
6.00000E+01 3.58886E-07 2.44872E-01 3.00000E-03
6.50000E+01 1.72088E-07 1.17804E-01 3.00000E-03
7.00000E+01 8.25592E-08 5.68605E-02 3.00000E-03
7.50000E+01 3.96279E-08 2.76163E-02 3.00000E-03
8.00000E+01 1.90307E-08 1.35761E-02 3.00000E-03
8.50000E+01 9.14380E-09 6.83204E-03 3.00000E-03
9.00000E+01 4.39557E-09 3.59097E-03 3.00000E-03
9.50000E+01 2.11407E-09 2.03259E-03 3.00000E-03
1.00000E+02 1.00000E-09 1.28292E-03 3.00000E-03
1.05000E+02 9.52381E-10 7.82920E-04 3.00000E-03
1.10000E+02 9.09091E-10 2.82920E-04 3.00000E-03
1.15000E+02 8.69565E-10 1.00000E-05 3.00000E-03
1.20000E+02 8.33333E-10 0.00000E+00 3.00000E-03
