# Atmospheric Model 56032103
# Col. #1          #2           #3            #4
# Alt [km]    rho [g/cm^3] thick [g/cm^2]    n-1
0.00000E+00 1.19352E-03 1.05110E+03 3.00000E-03
1.00000E+00 1.07667E-03 9.37692E+02 3.00000E-03
2.00000E+00 9.71277E-04 8.35385E+02 3.00000E-03
3.00000E+00 8.76214E-04 7.43092E+02 3.00000E-03
4.00000E+00 7.90694E-04 6.59830E+02 3.00000E-03
5.00000E+00 7.14267E-04 5.84646E+02 3.00000E-03
6.00000E+00 6.45231E-04 5.16730E+02 3.00000E-03
7.00000E+00 5.82871E-04 4.55378E+02 3.00000E-03
8.00000E+00 5.26542E-04 3.99955E+02 3.00000E-03
9.00000E+00 4.75660E-04 3.49888E+02 3.00000E-03
1.00000E+01 4.23296E-04 3.04797E+02 3.00000E-03
1.10000E+01 3.68631E-04 2.65263E+02 3.00000E-03
1.20000E+01 3.21027E-04 2.30835E+02 3.00000E-03
1.30000E+01 2.79572E-04 2.00853E+02 3.00000E-03
1.40000E+01 2.43472E-04 1.74742E+02 3.00000E-03
1.50000E+01 2.12034E-04 1.52003E+02 3.00000E-03
1.60000E+01 1.84656E-04 1.32200E+02 3.00000E-03
1.70000E+01 1.60815E-04 1.14954E+02 3.00000E-03
1.80000E+01 1.40052E-04 9.99349E+01 3.00000E-03
1.90000E+01 1.21971E-04 8.68546E+01 3.00000E-03
2.00000E+01 1.06224E-04 7.54630E+01 3.00000E-03
2.10000E+01 9.25112E-05 6.55420E+01 3.00000E-03
2.20000E+01 8.05688E-05 5.69018E+01 3.00000E-03
2.30000E+01 7.01684E-05 4.93769E+01 3.00000E-03
2.40000E+01 6.11110E-05 4.28234E+01 3.00000E-03
2.50000E+01 5.32229E-05 3.71158E+01 3.00000E-03
2.75000E+01 3.74616E-05 2.58747E+01 3.00000E-03
3.00000E+01 2.60819E-05 1.80175E+01 3.00000E-03
3.25000E+01 1.81600E-05 1.25469E+01 3.00000E-03
3.50000E+01 1.26448E-05 8.73778E+00 3.00000E-03
3.75000E+01 8.80503E-06 6.08545E+00 3.00000E-03
4.00000E+01 6.13157E-06 4.23850E+00 3.00000E-03
4.25000E+01 4.27007E-06 2.95230E+00 3.00000E-03
4.50000E+01 2.97386E-06 2.05656E+00 3.00000E-03
4.75000E+01 2.07122E-06 1.43272E+00 3.00000E-03
5.00000E+01 1.44263E-06 9.98213E-01 3.00000E-03
5.50000E+01 6.99971E-07 4.84756E-01 3.00000E-03
6.00000E+01 3.39697E-07 2.35603E-01 3.00000E-03
6.50000E+01 1.64889E-07 1.14678E-01 3.00000E-03
7.00000E+01 8.00529E-08 5.59755E-02 3.00000E-03
7.50000E+01 3.88733E-08 2.74732E-02 3.00000E-03
8.00000E+01 1.88804E-08 1.36315E-02 3.00000E-03
8.50000E+01 9.17188E-09 6.90806E-03 3.00000E-03
9.00000E+01 4.45648E-09 3.64162E-03 3.00000E-03
9.50000E+01 2.16577E-09 2.05436E-03 3.00000E-03
1.00000E+02 1.00000E-09 1.28292E-03 3.00000E-03
1.05000E+02 9.52381E-10 7.82920E-04 3.00000E-03
1.10000E+02 9.09091E-10 2.82920E-04 3.00000E-03
1.15000E+02 8.69565E-10 1.00000E-05 3.00000E-03
1.20000E+02 8.33333E-10 0.00000E+00 3.00000E-03
