# Atmospheric Model 56042102
# Col. #1          #2           #3            #4
# Alt [km]    rho [g/cm^3] thick [g/cm^2]    n-1
0.00000E+00 1.20426E-03 1.04879E+03 3.00000E-03
1.00000E+00 1.08716E-03 9.34318E+02 3.00000E-03
2.00000E+00 9.81486E-04 8.30976E+02 3.00000E-03
3.00000E+00 8.86122E-04 7.37677E+02 3.00000E-03
4.00000E+00 7.99583E-04 6.53449E+02 3.00000E-03
5.00000E+00 7.20615E-04 5.77508E+02 3.00000E-03
6.00000E+00 6.49454E-04 5.09066E+02 3.00000E-03
7.00000E+00 5.85329E-04 4.47383E+02 3.00000E-03
8.00000E+00 5.27543E-04 3.91789E+02 3.00000E-03
9.00000E+00 4.75469E-04 3.41684E+02 3.00000E-03
1.00000E+01 4.20489E-04 2.96737E+02 3.00000E-03
1.10000E+01 3.65003E-04 2.57528E+02 3.00000E-03
1.20000E+01 3.16841E-04 2.23493E+02 3.00000E-03
1.30000E+01 2.75035E-04 1.93948E+02 3.00000E-03
1.40000E+01 2.38747E-04 1.68302E+02 3.00000E-03
1.50000E+01 2.07249E-04 1.46039E+02 3.00000E-03
1.60000E+01 1.79907E-04 1.26714E+02 3.00000E-03
1.70000E+01 1.56173E-04 1.09938E+02 3.00000E-03
1.80000E+01 1.35571E-04 9.53747E+01 3.00000E-03
1.90000E+01 1.17688E-04 8.27328E+01 3.00000E-03
2.00000E+01 1.02164E-04 7.17585E+01 3.00000E-03
2.10000E+01 8.86888E-05 6.22317E+01 3.00000E-03
2.20000E+01 7.69912E-05 5.39615E+01 3.00000E-03
2.30000E+01 6.68370E-05 4.67821E+01 3.00000E-03
2.40000E+01 5.80223E-05 4.05495E+01 3.00000E-03
2.50000E+01 5.03704E-05 3.51389E+01 3.00000E-03
2.75000E+01 3.53002E-05 2.45344E+01 3.00000E-03
3.00000E+01 2.46333E-05 1.71226E+01 3.00000E-03
3.25000E+01 1.71903E-05 1.19503E+01 3.00000E-03
3.50000E+01 1.19966E-05 8.34078E+00 3.00000E-03
3.75000E+01 8.37241E-06 5.82175E+00 3.00000E-03
4.00000E+01 5.84330E-06 4.06370E+00 3.00000E-03
4.25000E+01 4.07832E-06 2.83670E+00 3.00000E-03
4.50000E+01 2.84656E-06 1.98030E+00 3.00000E-03
4.75000E+01 1.98689E-06 1.38255E+00 3.00000E-03
5.00000E+01 1.38689E-06 9.65310E-01 3.00000E-03
5.50000E+01 6.75816E-07 4.70757E-01 3.00000E-03
6.00000E+01 3.29363E-07 2.29752E-01 3.00000E-03
6.50000E+01 1.60540E-07 1.12290E-01 3.00000E-03
7.00000E+01 7.82620E-08 5.50321E-02 3.00000E-03
7.50000E+01 3.81575E-08 2.71178E-02 3.00000E-03
8.00000E+01 1.86066E-08 1.35070E-02 3.00000E-03
8.50000E+01 9.07436E-09 6.86959E-03 3.00000E-03
9.00000E+01 4.42612E-09 3.63237E-03 3.00000E-03
9.50000E+01 2.15918E-09 2.05329E-03 3.00000E-03
1.00000E+02 1.00000E-09 1.28292E-03 3.00000E-03
1.05000E+02 9.52381E-10 7.82920E-04 3.00000E-03
1.10000E+02 9.09091E-10 2.82920E-04 3.00000E-03
1.15000E+02 8.69565E-10 1.00000E-05 3.00000E-03
1.20000E+02 8.33333E-10 0.00000E+00 3.00000E-03
