# Atmospheric Model 9501202107
# Col. #1          #2           #3            #4
# Alt [km]    rho [g/cm^3] thick [g/cm^2]    n-1
0.00000E+00 1.21216E-03 1.06056E+03 3.00000E-03
1.00000E+00 1.09318E-03 9.45399E+02 3.00000E-03
2.00000E+00 9.85939E-04 8.41536E+02 3.00000E-03
3.00000E+00 8.89272E-04 7.47859E+02 3.00000E-03
4.00000E+00 8.01775E-04 6.63368E+02 3.00000E-03
5.00000E+00 7.21798E-04 5.87260E+02 3.00000E-03
6.00000E+00 6.49806E-04 5.18743E+02 3.00000E-03
7.00000E+00 5.85003E-04 4.57059E+02 3.00000E-03
8.00000E+00 5.26669E-04 4.01526E+02 3.00000E-03
9.00000E+00 4.74157E-04 3.51531E+02 3.00000E-03
1.00000E+01 4.21525E-04 3.06632E+02 3.00000E-03
1.10000E+01 3.67682E-04 2.67233E+02 3.00000E-03
1.20000E+01 3.20720E-04 2.32867E+02 3.00000E-03
1.30000E+01 2.79758E-04 2.02889E+02 3.00000E-03
1.40000E+01 2.44031E-04 1.76741E+02 3.00000E-03
1.50000E+01 2.12868E-04 1.53931E+02 3.00000E-03
1.60000E+01 1.85686E-04 1.34034E+02 3.00000E-03
1.70000E+01 1.61977E-04 1.16678E+02 3.00000E-03
1.80000E+01 1.41297E-04 1.01538E+02 3.00000E-03
1.90000E+01 1.23258E-04 8.83310E+01 3.00000E-03
2.00000E+01 1.07523E-04 7.68099E+01 3.00000E-03
2.10000E+01 9.37974E-05 6.67595E+01 3.00000E-03
2.20000E+01 8.18249E-05 5.79920E+01 3.00000E-03
2.30000E+01 7.13813E-05 5.03436E+01 3.00000E-03
2.40000E+01 6.22712E-05 4.36713E+01 3.00000E-03
2.50000E+01 5.43244E-05 3.78506E+01 3.00000E-03
2.75000E+01 3.83280E-05 2.63570E+01 3.00000E-03
3.00000E+01 2.66418E-05 1.83242E+01 3.00000E-03
3.25000E+01 1.85200E-05 1.27404E+01 3.00000E-03
3.50000E+01 1.28749E-05 8.85870E+00 3.00000E-03
3.75000E+01 8.95107E-06 6.16012E+00 3.00000E-03
4.00000E+01 6.22349E-06 4.28392E+00 3.00000E-03
4.25000E+01 4.32733E-06 2.97940E+00 3.00000E-03
4.50000E+01 3.00908E-06 2.07231E+00 3.00000E-03
4.75000E+01 2.09255E-06 1.44153E+00 3.00000E-03
5.00000E+01 1.45527E-06 1.00287E+00 3.00000E-03
5.50000E+01 7.03985E-07 4.85597E-01 3.00000E-03
6.00000E+01 3.40638E-07 2.35341E-01 3.00000E-03
6.50000E+01 1.64866E-07 1.14236E-01 3.00000E-03
7.00000E+01 7.98142E-08 5.56161E-02 3.00000E-03
7.50000E+01 3.86489E-08 2.72340E-02 3.00000E-03
8.00000E+01 1.87198E-08 1.34888E-02 3.00000E-03
8.50000E+01 9.06934E-09 6.83056E-03 3.00000E-03
9.00000E+01 4.39498E-09 3.60443E-03 3.00000E-03
9.50000E+01 2.13032E-09 2.04088E-03 3.00000E-03
1.00000E+02 1.00000E-09 1.28292E-03 3.00000E-03
1.05000E+02 9.52381E-10 7.82920E-04 3.00000E-03
1.10000E+02 9.09091E-10 2.82920E-04 3.00000E-03
1.15000E+02 8.69565E-10 1.00000E-05 3.00000E-03
1.20000E+02 8.33333E-10 0.00000E+00 3.00000E-03
