# Atmospheric Model 5401202104
# Col. #1          #2           #3            #4
# Alt [km]    rho [g/cm^3] thick [g/cm^2]    n-1
0.00000E+00 1.17111E-03 1.04640E+03 3.00000E-03
1.00000E+00 1.06316E-03 9.34770E+02 3.00000E-03
2.00000E+00 9.65166E-04 8.33433E+02 3.00000E-03
3.00000E+00 8.76203E-04 7.41436E+02 3.00000E-03
4.00000E+00 7.94949E-04 6.57922E+02 3.00000E-03
5.00000E+00 7.18236E-04 5.82328E+02 3.00000E-03
6.00000E+00 6.48929E-04 5.14028E+02 3.00000E-03
7.00000E+00 5.86312E-04 4.52319E+02 3.00000E-03
8.00000E+00 5.29739E-04 3.96564E+02 3.00000E-03
9.00000E+00 4.78627E-04 3.46189E+02 3.00000E-03
1.00000E+01 4.24601E-04 3.00864E+02 3.00000E-03
1.10000E+01 3.68800E-04 2.61259E+02 3.00000E-03
1.20000E+01 3.20335E-04 2.26859E+02 3.00000E-03
1.30000E+01 2.78242E-04 1.96980E+02 3.00000E-03
1.40000E+01 2.41682E-04 1.71027E+02 3.00000E-03
1.50000E+01 2.09928E-04 1.48484E+02 3.00000E-03
1.60000E+01 1.82347E-04 1.28902E+02 3.00000E-03
1.70000E+01 1.58392E-04 1.11893E+02 3.00000E-03
1.80000E+01 1.37585E-04 9.71189E+01 3.00000E-03
1.90000E+01 1.19512E-04 8.42852E+01 3.00000E-03
2.00000E+01 1.03814E-04 7.31373E+01 3.00000E-03
2.10000E+01 9.01794E-05 6.34536E+01 3.00000E-03
2.20000E+01 7.83359E-05 5.50418E+01 3.00000E-03
2.30000E+01 6.80485E-05 4.77346E+01 3.00000E-03
2.40000E+01 5.91125E-05 4.13871E+01 3.00000E-03
2.50000E+01 5.13505E-05 3.58730E+01 3.00000E-03
2.75000E+01 3.60197E-05 2.50555E+01 3.00000E-03
3.00000E+01 2.51423E-05 1.74915E+01 3.00000E-03
3.25000E+01 1.75505E-05 1.22117E+01 3.00000E-03
3.50000E+01 1.22517E-05 8.52603E+00 3.00000E-03
3.75000E+01 8.55306E-06 5.95308E+00 3.00000E-03
4.00000E+01 5.97130E-06 4.15683E+00 3.00000E-03
4.25000E+01 4.16904E-06 2.90275E+00 3.00000E-03
4.50000E+01 2.91088E-06 2.02716E+00 3.00000E-03
4.75000E+01 2.03251E-06 1.41580E+00 3.00000E-03
5.00000E+01 1.41926E-06 9.88907E-01 3.00000E-03
5.50000E+01 6.92118E-07 4.82643E-01 3.00000E-03
6.00000E+01 3.37582E-07 2.35737E-01 3.00000E-03
6.50000E+01 1.64686E-07 1.15299E-01 3.00000E-03
7.00000E+01 8.03552E-08 5.65395E-02 3.00000E-03
7.50000E+01 3.92147E-08 2.78668E-02 3.00000E-03
8.00000E+01 1.91409E-08 1.38729E-02 3.00000E-03
8.50000E+01 9.34437E-09 7.04195E-03 3.00000E-03
9.00000E+01 4.56263E-09 3.70687E-03 3.00000E-03
9.50000E+01 2.22820E-09 2.07830E-03 3.00000E-03
1.00000E+02 1.00000E-09 1.28292E-03 3.00000E-03
1.05000E+02 9.52381E-10 7.82920E-04 3.00000E-03
1.10000E+02 9.09091E-10 2.82920E-04 3.00000E-03
1.15000E+02 8.69565E-10 1.00000E-05 3.00000E-03
1.20000E+02 8.33333E-10 0.00000E+00 3.00000E-03
