# Atmospheric Model 5502202108
# Col. #1          #2           #3            #4
# Alt [km]    rho [g/cm^3] thick [g/cm^2]    n-1
0.00000E+00 1.19350E-03 1.06147E+03 3.00000E-03
1.00000E+00 1.08265E-03 9.47751E+02 3.00000E-03
2.00000E+00 9.82149E-04 8.44593E+02 3.00000E-03
3.00000E+00 8.91018E-04 7.51009E+02 3.00000E-03
4.00000E+00 8.06663E-04 6.66125E+02 3.00000E-03
5.00000E+00 7.24664E-04 5.89632E+02 3.00000E-03
6.00000E+00 6.51005E-04 5.20915E+02 3.00000E-03
7.00000E+00 5.84837E-04 4.59182E+02 3.00000E-03
8.00000E+00 5.25399E-04 4.03723E+02 3.00000E-03
9.00000E+00 4.72005E-04 3.53901E+02 3.00000E-03
1.00000E+01 4.19733E-04 3.09223E+02 3.00000E-03
1.10000E+01 3.66803E-04 2.69956E+02 3.00000E-03
1.20000E+01 3.20551E-04 2.35640E+02 3.00000E-03
1.30000E+01 2.80134E-04 2.05651E+02 3.00000E-03
1.40000E+01 2.44814E-04 1.79443E+02 3.00000E-03
1.50000E+01 2.13950E-04 1.56540E+02 3.00000E-03
1.60000E+01 1.86979E-04 1.36524E+02 3.00000E-03
1.70000E+01 1.63409E-04 1.19031E+02 3.00000E-03
1.80000E+01 1.42811E-04 1.03743E+02 3.00000E-03
1.90000E+01 1.24811E-04 9.03819E+01 3.00000E-03
2.00000E+01 1.09081E-04 7.87050E+01 3.00000E-03
2.10000E+01 9.53337E-05 6.84997E+01 3.00000E-03
2.20000E+01 8.33199E-05 5.95805E+01 3.00000E-03
2.30000E+01 7.28207E-05 5.17853E+01 3.00000E-03
2.40000E+01 6.36450E-05 4.49723E+01 3.00000E-03
2.50000E+01 5.56260E-05 3.90177E+01 3.00000E-03
2.75000E+01 3.94138E-05 2.72226E+01 3.00000E-03
3.00000E+01 2.74403E-05 1.89560E+01 3.00000E-03
3.25000E+01 1.91054E-05 1.32005E+01 3.00000E-03
3.50000E+01 1.33030E-05 9.19315E+00 3.00000E-03
3.75000E+01 9.26342E-06 6.40275E+00 3.00000E-03
4.00000E+01 6.45086E-06 4.45963E+00 3.00000E-03
4.25000E+01 4.49252E-06 3.10645E+00 3.00000E-03
4.50000E+01 3.12888E-06 2.16403E+00 3.00000E-03
4.75000E+01 2.17928E-06 1.50766E+00 3.00000E-03
5.00000E+01 1.51797E-06 1.05047E+00 3.00000E-03
5.50000E+01 7.36609E-07 5.10179E-01 3.00000E-03
6.00000E+01 3.57530E-07 2.47969E-01 3.00000E-03
6.50000E+01 1.73575E-07 1.20686E-01 3.00000E-03
7.00000E+01 8.42870E-08 5.88859E-02 3.00000E-03
7.50000E+01 4.09383E-08 2.88732E-02 3.00000E-03
8.00000E+01 1.98882E-08 1.42946E-02 3.00000E-03
8.50000E+01 9.66399E-09 7.21153E-03 3.00000E-03
9.00000E+01 4.69689E-09 3.76942E-03 3.00000E-03
9.50000E+01 2.28327E-09 2.09633E-03 3.00000E-03
1.00000E+02 1.00000E-09 1.28292E-03 3.00000E-03
1.05000E+02 9.52381E-10 7.82920E-04 3.00000E-03
1.10000E+02 9.09091E-10 2.82920E-04 3.00000E-03
1.15000E+02 8.69565E-10 1.00000E-05 3.00000E-03
1.20000E+02 8.33333E-10 0.00000E+00 3.00000E-03
