# Atmospheric Model 58052101
# Col. #1          #2           #3            #4
# Alt [km]    rho [g/cm^3] thick [g/cm^2]    n-1
0.00000E+00 1.16855E-03 1.05989E+03 3.00000E-03
1.00000E+00 1.06222E-03 9.48436E+02 3.00000E-03
2.00000E+00 9.65568E-04 8.47123E+02 3.00000E-03
3.00000E+00 8.77716E-04 7.55029E+02 3.00000E-03
4.00000E+00 7.95845E-04 6.71336E+02 3.00000E-03
5.00000E+00 7.15157E-04 5.95857E+02 3.00000E-03
6.00000E+00 6.42650E-04 5.28032E+02 3.00000E-03
7.00000E+00 5.77495E-04 4.67082E+02 3.00000E-03
8.00000E+00 5.18946E-04 4.12313E+02 3.00000E-03
9.00000E+00 4.66334E-04 3.63095E+02 3.00000E-03
1.00000E+01 4.16632E-04 3.18900E+02 3.00000E-03
1.10000E+01 3.66265E-04 2.79810E+02 3.00000E-03
1.20000E+01 3.21987E-04 2.45445E+02 3.00000E-03
1.30000E+01 2.83062E-04 2.15234E+02 3.00000E-03
1.40000E+01 2.48843E-04 1.88675E+02 3.00000E-03
1.50000E+01 2.18760E-04 1.65328E+02 3.00000E-03
1.60000E+01 1.92315E-04 1.44802E+02 3.00000E-03
1.70000E+01 1.69066E-04 1.26758E+02 3.00000E-03
1.80000E+01 1.48628E-04 1.10895E+02 3.00000E-03
1.90000E+01 1.30661E-04 9.69502E+01 3.00000E-03
2.00000E+01 1.14866E-04 8.46908E+01 3.00000E-03
2.10000E+01 1.00980E-04 7.39134E+01 3.00000E-03
2.20000E+01 8.87730E-05 6.44389E+01 3.00000E-03
2.30000E+01 7.80417E-05 5.61097E+01 3.00000E-03
2.40000E+01 6.86077E-05 4.87873E+01 3.00000E-03
2.50000E+01 6.03141E-05 4.23501E+01 3.00000E-03
2.75000E+01 4.29060E-05 2.95055E+01 3.00000E-03
3.00000E+01 2.98209E-05 2.05136E+01 3.00000E-03
3.25000E+01 2.07288E-05 1.42637E+01 3.00000E-03
3.50000E+01 1.44104E-05 9.91910E+00 3.00000E-03
3.75000E+01 1.00190E-05 6.89863E+00 3.00000E-03
4.00000E+01 6.96667E-06 4.79849E+00 3.00000E-03
4.25000E+01 4.84476E-06 3.33810E+00 3.00000E-03
4.50000E+01 3.36951E-06 2.32246E+00 3.00000E-03
4.75000E+01 2.34373E-06 1.61605E+00 3.00000E-03
5.00000E+01 1.63041E-06 1.12467E+00 3.00000E-03
5.50000E+01 7.89246E-07 5.44981E-01 3.00000E-03
6.00000E+01 3.82218E-07 2.64316E-01 3.00000E-03
6.50000E+01 1.85178E-07 1.28369E-01 3.00000E-03
7.00000E+01 8.97521E-08 6.24938E-02 3.00000E-03
7.50000E+01 4.35184E-08 3.05597E-02 3.00000E-03
8.00000E+01 2.11092E-08 1.50730E-02 3.00000E-03
8.50000E+01 1.02433E-08 7.55965E-03 3.00000E-03
9.00000E+01 4.97243E-09 3.91320E-03 3.00000E-03
9.50000E+01 2.41469E-09 2.14279E-03 3.00000E-03
1.00000E+02 1.00000E-09 1.28292E-03 3.00000E-03
1.05000E+02 9.52381E-10 7.82920E-04 3.00000E-03
1.10000E+02 9.09091E-10 2.82920E-04 3.00000E-03
1.15000E+02 8.69565E-10 1.00000E-05 3.00000E-03
1.20000E+02 8.33333E-10 0.00000E+00 3.00000E-03
