# Atmospheric Model 5202202107
# Col. #1          #2           #3            #4
# Alt [km]    rho [g/cm^3] thick [g/cm^2]    n-1
0.00000E+00 1.15300E-03 1.05539E+03 3.00000E-03
1.00000E+00 1.05046E-03 9.45299E+02 3.00000E-03
2.00000E+00 9.57054E-04 8.44996E+02 3.00000E-03
3.00000E+00 8.71967E-04 7.53611E+02 3.00000E-03
4.00000E+00 7.92622E-04 6.70368E+02 3.00000E-03
5.00000E+00 7.13728E-04 5.95119E+02 3.00000E-03
6.00000E+00 6.42686E-04 5.27361E+02 3.00000E-03
7.00000E+00 5.78717E-04 4.66346E+02 3.00000E-03
8.00000E+00 5.21114E-04 4.11405E+02 3.00000E-03
9.00000E+00 4.69246E-04 3.61933E+02 3.00000E-03
1.00000E+01 4.19878E-04 3.17417E+02 3.00000E-03
1.10000E+01 3.68429E-04 2.78058E+02 3.00000E-03
1.20000E+01 3.23285E-04 2.43521E+02 3.00000E-03
1.30000E+01 2.83672E-04 2.13216E+02 3.00000E-03
1.40000E+01 2.48914E-04 1.86625E+02 3.00000E-03
1.50000E+01 2.18415E-04 1.63292E+02 3.00000E-03
1.60000E+01 1.91652E-04 1.42818E+02 3.00000E-03
1.70000E+01 1.68170E-04 1.24852E+02 3.00000E-03
1.80000E+01 1.47564E-04 1.09088E+02 3.00000E-03
1.90000E+01 1.29484E-04 9.52550E+01 3.00000E-03
2.00000E+01 1.13619E-04 8.31172E+01 3.00000E-03
2.10000E+01 9.96974E-05 7.24665E+01 3.00000E-03
2.20000E+01 8.74821E-05 6.31209E+01 3.00000E-03
2.30000E+01 7.67634E-05 5.49203E+01 3.00000E-03
2.40000E+01 6.73581E-05 4.77244E+01 3.00000E-03
2.50000E+01 5.91052E-05 4.14102E+01 3.00000E-03
2.75000E+01 4.21490E-05 2.88233E+01 3.00000E-03
3.00000E+01 2.92350E-05 1.99986E+01 3.00000E-03
3.25000E+01 2.02801E-05 1.38774E+01 3.00000E-03
3.50000E+01 1.40697E-05 9.63088E+00 3.00000E-03
3.75000E+01 9.76232E-06 6.68463E+00 3.00000E-03
4.00000E+01 6.77438E-06 4.64025E+00 3.00000E-03
4.25000E+01 4.70149E-06 3.22152E+00 3.00000E-03
4.50000E+01 3.26325E-06 2.23686E+00 3.00000E-03
4.75000E+01 2.26524E-06 1.55337E+00 3.00000E-03
5.00000E+01 1.57262E-06 1.07890E+00 3.00000E-03
5.50000E+01 7.58210E-07 5.20751E-01 3.00000E-03
6.00000E+01 3.65715E-07 2.51599E-01 3.00000E-03
6.50000E+01 1.76474E-07 1.21752E-01 3.00000E-03
7.00000E+01 8.51918E-08 5.90835E-02 3.00000E-03
7.50000E+01 4.11428E-08 2.88252E-02 3.00000E-03
8.00000E+01 1.98776E-08 1.42095E-02 3.00000E-03
8.50000E+01 9.60741E-09 7.14688E-03 3.00000E-03
9.00000E+01 4.64533E-09 3.73274E-03 3.00000E-03
9.50000E+01 2.24694E-09 2.08167E-03 3.00000E-03
1.00000E+02 1.00000E-09 1.28292E-03 3.00000E-03
1.05000E+02 9.52381E-10 7.82920E-04 3.00000E-03
1.10000E+02 9.09091E-10 2.82920E-04 3.00000E-03
1.15000E+02 8.69565E-10 1.00000E-05 3.00000E-03
1.20000E+02 8.33333E-10 0.00000E+00 3.00000E-03
