# Atmospheric Model 51032106
# Col. #1          #2           #3            #4
# Alt [km]    rho [g/cm^3] thick [g/cm^2]    n-1
0.00000E+00 1.20576E-03 1.05832E+03 3.00000E-03
1.00000E+00 1.08116E-03 9.44086E+02 3.00000E-03
2.00000E+00 9.69438E-04 8.41658E+02 3.00000E-03
3.00000E+00 8.69267E-04 7.49814E+02 3.00000E-03
4.00000E+00 7.80921E-04 6.67443E+02 3.00000E-03
5.00000E+00 7.06237E-04 5.93148E+02 3.00000E-03
6.00000E+00 6.38696E-04 5.25958E+02 3.00000E-03
7.00000E+00 5.77615E-04 4.65193E+02 3.00000E-03
8.00000E+00 5.22377E-04 4.10240E+02 3.00000E-03
9.00000E+00 4.72422E-04 3.60542E+02 3.00000E-03
1.00000E+01 4.23475E-04 3.15649E+02 3.00000E-03
1.10000E+01 3.70837E-04 2.75991E+02 3.00000E-03
1.20000E+01 3.24742E-04 2.41263E+02 3.00000E-03
1.30000E+01 2.84377E-04 2.10852E+02 3.00000E-03
1.40000E+01 2.49030E-04 1.84221E+02 3.00000E-03
1.50000E+01 2.18076E-04 1.60900E+02 3.00000E-03
1.60000E+01 1.90970E-04 1.40477E+02 3.00000E-03
1.70000E+01 1.67233E-04 1.22594E+02 3.00000E-03
1.80000E+01 1.46446E-04 1.06933E+02 3.00000E-03
1.90000E+01 1.28244E-04 9.32182E+01 3.00000E-03
2.00000E+01 1.12304E-04 8.12085E+01 3.00000E-03
2.10000E+01 9.83450E-05 7.06915E+01 3.00000E-03
2.20000E+01 8.61213E-05 6.14817E+01 3.00000E-03
2.30000E+01 7.54170E-05 5.34166E+01 3.00000E-03
2.40000E+01 6.60432E-05 4.63540E+01 3.00000E-03
2.50000E+01 5.78346E-05 4.01691E+01 3.00000E-03
2.75000E+01 4.09864E-05 2.78880E+01 3.00000E-03
3.00000E+01 2.83742E-05 1.93144E+01 3.00000E-03
3.25000E+01 1.96460E-05 1.33787E+01 3.00000E-03
3.50000E+01 1.36047E-05 9.26853E+00 3.00000E-03
3.75000E+01 9.42254E-06 6.42209E+00 3.00000E-03
4.00000E+01 6.52698E-06 4.45052E+00 3.00000E-03
4.25000E+01 4.52189E-06 3.08473E+00 3.00000E-03
4.50000E+01 3.13323E-06 2.13844E+00 3.00000E-03
4.75000E+01 2.17134E-06 1.48271E+00 3.00000E-03
5.00000E+01 1.50497E-06 1.02825E+00 3.00000E-03
5.50000E+01 7.23290E-07 4.94868E-01 3.00000E-03
6.00000E+01 3.47814E-07 2.38457E-01 3.00000E-03
6.50000E+01 1.67351E-07 1.15124E-01 3.00000E-03
7.00000E+01 8.05658E-08 5.57673E-02 3.00000E-03
7.50000E+01 3.88073E-08 2.71851E-02 3.00000E-03
8.00000E+01 1.87030E-08 1.34142E-02 3.00000E-03
8.50000E+01 9.01868E-09 6.77583E-03 3.00000E-03
9.00000E+01 4.35115E-09 3.57402E-03 3.00000E-03
9.50000E+01 2.10034E-09 2.02892E-03 3.00000E-03
1.00000E+02 1.00000E-09 1.28292E-03 3.00000E-03
1.05000E+02 9.52381E-10 7.82920E-04 3.00000E-03
1.10000E+02 9.09091E-10 2.82920E-04 3.00000E-03
1.15000E+02 8.69565E-10 1.00000E-05 3.00000E-03
1.20000E+02 8.33333E-10 0.00000E+00 3.00000E-03
