# Atmospheric Model 5104202106
# Col. #1          #2           #3            #4
# Alt [km]    rho [g/cm^3] thick [g/cm^2]    n-1
0.00000E+00 1.14730E-03 1.05010E+03 3.00000E-03
1.00000E+00 1.04302E-03 9.40663E+02 3.00000E-03
2.00000E+00 9.48221E-04 8.41176E+02 3.00000E-03
3.00000E+00 8.62037E-04 7.50732E+02 3.00000E-03
4.00000E+00 7.83687E-04 6.68508E+02 3.00000E-03
5.00000E+00 7.08702E-04 5.93899E+02 3.00000E-03
6.00000E+00 6.39709E-04 5.26538E+02 3.00000E-03
7.00000E+00 5.77444E-04 4.65733E+02 3.00000E-03
8.00000E+00 5.21250E-04 4.10847E+02 3.00000E-03
9.00000E+00 4.70533E-04 3.61301E+02 3.00000E-03
1.00000E+01 4.21376E-04 3.16622E+02 3.00000E-03
1.10000E+01 3.69378E-04 2.77141E+02 3.00000E-03
1.20000E+01 3.23798E-04 2.42532E+02 3.00000E-03
1.30000E+01 2.83844E-04 2.12194E+02 3.00000E-03
1.40000E+01 2.48820E-04 1.85599E+02 3.00000E-03
1.50000E+01 2.18119E-04 1.62286E+02 3.00000E-03
1.60000E+01 1.91206E-04 1.41850E+02 3.00000E-03
1.70000E+01 1.67615E-04 1.23934E+02 3.00000E-03
1.80000E+01 1.46935E-04 1.08230E+02 3.00000E-03
1.90000E+01 1.28807E-04 9.44624E+01 3.00000E-03
2.00000E+01 1.12915E-04 8.23937E+01 3.00000E-03
2.10000E+01 9.89849E-05 7.18140E+01 3.00000E-03
2.20000E+01 8.67734E-05 6.25395E+01 3.00000E-03
2.30000E+01 7.60687E-05 5.44091E+01 3.00000E-03
2.40000E+01 6.66847E-05 4.72817E+01 3.00000E-03
2.50000E+01 5.84586E-05 4.10336E+01 3.00000E-03
2.75000E+01 4.15626E-05 2.86033E+01 3.00000E-03
3.00000E+01 2.88973E-05 1.98915E+01 3.00000E-03
3.25000E+01 2.00931E-05 1.38343E+01 3.00000E-03
3.50000E+01 1.39724E-05 9.62236E+00 3.00000E-03
3.75000E+01 9.71691E-06 6.69334E+00 3.00000E-03
4.00000E+01 6.75805E-06 4.65632E+00 3.00000E-03
4.25000E+01 4.70054E-06 3.23954E+00 3.00000E-03
4.50000E+01 3.26971E-06 2.25406E+00 3.00000E-03
4.75000E+01 2.27459E-06 1.56853E+00 3.00000E-03
5.00000E+01 1.58246E-06 1.09163E+00 3.00000E-03
5.50000E+01 7.66106E-07 5.28960E-01 3.00000E-03
6.00000E+01 3.71004E-07 2.56523E-01 3.00000E-03
6.50000E+01 1.79721E-07 1.24572E-01 3.00000E-03
7.00000E+01 8.70864E-08 6.06440E-02 3.00000E-03
7.50000E+01 4.22114E-08 2.96627E-02 3.00000E-03
8.00000E+01 2.04662E-08 1.46439E-02 3.00000E-03
8.50000E+01 9.92586E-09 7.36117E-03 3.00000E-03
9.00000E+01 4.81531E-09 3.82866E-03 3.00000E-03
9.50000E+01 2.33670E-09 2.11473E-03 3.00000E-03
1.00000E+02 1.00000E-09 1.28292E-03 3.00000E-03
1.05000E+02 9.52381E-10 7.82920E-04 3.00000E-03
1.10000E+02 9.09091E-10 2.82920E-04 3.00000E-03
1.15000E+02 8.69565E-10 1.00000E-05 3.00000E-03
1.20000E+02 8.33333E-10 0.00000E+00 3.00000E-03
